Left:
('D = ', [0.24164917210509418, -0.46932162015919604, 0.005116922465476943, -0.0018633407477406238, 0.0])
('K = ', [2183.35922578114, 0.0, 998.3735208044252, 0.0, 2195.8975249340588, 596.4353451414804, 0.0, 0.0, 1.0])
('R = ', [0.9997621877172141, -0.002589479412250241, 0.02165323549180157, 0.0028200002499490537, 0.9999396056247509, -0.010622273843569768, -0.021624421598742734, 0.010680809865877727, 0.9997091100370792])
('P = ', [2451.0034174001325, 0.0, 938.6905517578125, 0.0, 0.0, 2451.0034174001325, 618.1998710632324, 0.0, 0.0, 0.0, 1.0, 0.0])

Right:
('D = ', [0.21760595536925784, -0.25139753176991025, 0.0046416213551221525, -0.016900249704218592, 0.0])
('K = ', [2222.7057069813845, 0.0, 964.0088383690887, 0.0, 2241.1238438977434, 641.3878614422473, 0.0, 0.0, 1.0])
('R = ', [0.9998042592370632, -0.01975244232811203, 0.0011332402666183305, 0.019739249478699785, 0.9997482901439042, 0.010663882236668322, -0.0013435927377474823, -0.010639425567881375, 0.999942497037775])
('P = ', [2451.0034174001325, 0.0, 938.6905517578125, 376.0480686305896, 0.0, 2451.0034174001325, 618.1998710632324, 0.0, 0.0, 0.0, 1.0, 0.0])
('self.T ', [0.1533961389142185, -0.0030305415877802232, 0.00017386871455576762])
('self.R ', [0.9996512126081168, 0.017134734134915692, 0.020096119457430794, -0.01669838310257075, 0.9996254218316923, -0.02168363506358996, -0.020460135211707507, 0.02134049938349436, 0.999562887442897])
None
# oST version 5.0 parameters


[image]

width
1920

height
1080

[narrow_stereo/left]

camera matrix
2183.359226 0.000000 998.373521
0.000000 2195.897525 596.435345
0.000000 0.000000 1.000000

distortion
0.241649 -0.469322 0.005117 -0.001863 0.000000

rectification
0.999762 -0.002589 0.021653
0.002820 0.999940 -0.010622
-0.021624 0.010681 0.999709

projection
2451.003417 0.000000 938.690552 0.000000
0.000000 2451.003417 618.199871 0.000000
0.000000 0.000000 1.000000 0.000000

# oST version 5.0 parameters


[image]

width
1920

height
1080

[narrow_stereo/right]

camera matrix
2222.705707 0.000000 964.008838
0.000000 2241.123844 641.387861
0.000000 0.000000 1.000000

distortion
0.217606 -0.251398 0.004642 -0.016900 0.000000

rectification
0.999804 -0.019752 0.001133
0.019739 0.999748 0.010664
-0.001344 -0.010639 0.999942

projection
2451.003417 0.000000 938.690552 376.048069
0.000000 2451.003417 618.199871 0.000000
0.000000 0.000000 1.000000 0.000000

