%YAML:1.0

#--------------------------------------------------------------------------------------------
# Camera Parameters. Adjust them!
#--------------------------------------------------------------------------------------------

# Camera calibration and distortion parameters (OpenCV) 
Camera.fx: 695.256256
Camera.fy: 692.773059
Camera.cx: 604.144213
Camera.cy: 379.262372

Camera.k1: 0.007104
Camera.k2: -0.011513
Camera.p1: 0.001210
Camera.p2: -0.002309

Camera.width: 1280
Camera.height: 720

# Camera frames per second
Camera.fps: 30.0

# stereo baseline times fx
#Camera.bf: 47.90639384423901
Camera.bf: 84

# Color order of the images (0: BGR, 1: RGB. It is ignored if images are grayscale)
Camera.RGB: 1

# Close/Far threshold. Baseline times.
ThDepth: 40

#--------------------------------------------------------------------------------------------
# Stereo Rectification. Only if you need to pre-rectify the images.
# Camera.fx, .fy, etc must be the same as in LEFT.P
#--------------------------------------------------------------------------------------------

#data values for camera from rostopic echo /zed/zed_node/<camera_side>/camera_info

LEFT.height: 720
LEFT.width: 1280
LEFT.D: !!opencv-matrix
   rows: 1
   cols: 5
   dt: d
   data: [0.007104316962885749, -0.011513226185624906, 0.0012098302592831805, -0.002308781556248012, 0.0]
LEFT.K: !!opencv-matrix
   rows: 3
   cols: 3
   dt: d
   data: [695.2562654437802, 0.0, 604.1442130171623, 0.0, 692.7730590841473, 379.26237186932195, 0.0, 0.0, 1.0]
LEFT.R:  !!opencv-matrix
   rows: 3
   cols: 3
   dt: d
   data: [0.999962335794168, -0.0011775493929912278, -0.008598858674167112, 0.0011997039479297307, 0.9999959733993464, 0.00257174950783086, 0.00859579568792528, -0.002581968729627138, 0.999959722055829]
LEFT.P:  !!opencv-matrix
   rows: 3
   cols: 4
   dt: d
   data: [696.8021202745063, 0.0, 606.970703125, 0.0, 0.0, 696.8021202745063, 378.4245262145996, 0.0, 0.0, 0.0, 1.0, 0.0]

RIGHT.height: 720
RIGHT.width: 1280
RIGHT.D: !!opencv-matrix
   rows: 1
   cols: 5
   dt: d
   data: [0.00798701027087592, -0.014765065924999371, 4.1526638952178624e-05, -0.0020475521935006346, 0.0]
RIGHT.K: !!opencv-matrix
   rows: 3
   cols: 3
   dt: d
   data: [694.6747075377735, 0.0, 606.9576953026764, 0.0, 694.4198039694503, 375.439803970981, 0.0, 0.0, 1.0]
RIGHT.R:  !!opencv-matrix
   rows: 3
   cols: 3
   dt: d
   data: [0.9999941060529582, -0.0010804811760961703, -0.0032588985520823972, 0.0010720797748053487, 0.9999961006380044, -0.0025786340847166866, 0.0032616720100458116, 0.00257512508715812, 0.9999913650759612]
RIGHT.P:  !!opencv-matrix
   rows: 3
   cols: 4
   dt: d
   data: [696.8021202745063, 0.0, 606.970703125, -73.21767839656995, 0.0, 696.8021202745063, 378.4245262145996, 0.0, 0.0, 0.0, 1.0, 0.0]

#--------------------------------------------------------------------------------------------
# ORB Parameters
#--------------------------------------------------------------------------------------------

# ORB Extractor: Number of features per image
ORBextractor.nFeatures: 2000

# ORB Extractor: Scale factor between levels in the scale pyramid
ORBextractor.scaleFactor: 1.2

# ORB Extractor: Number of levels in the scale pyramid
ORBextractor.nLevels: 8

# ORB Extractor: Fast threshold
# Image is divided in a grid. At each cell FAST are extracted imposing a minimum response.
# Firstly we impose iniThFAST. If no corners are detected we impose a lower value minThFAST
# You can lower these values if your images have low contrast
ORBextractor.iniThFAST: 20 #20
ORBextractor.minThFAST: 4 #7

#--------------------------------------------------------------------------------------------
# Viewer Parameters
#--------------------------------------------------------------------------------------------
Viewer.KeyFrameSize: 0.6 #0.05
Viewer.KeyFrameLineWidth: 2 #1
Viewer.GraphLineWidth: 1 #0.9
Viewer.PointSize: 2 #2
Viewer.CameraSize: 0.7 #0.08
Viewer.CameraLineWidth: 3 #3
Viewer.ViewpointX: 0 #0
Viewer.ViewpointY: -100 #-0.7
Viewer.ViewpointZ: -0.1 #-1.8
Viewer.ViewpointF: 2000 #500