%YAML:1.0

#--------------------------------------------------------------------------------------------
# Camera Parameters. Adjust them!
#--------------------------------------------------------------------------------------------

# Camera calibration and distortion parameters (OpenCV) 
Camera.fx: 2183.359226
Camera.fy: 2195.897525 
Camera.cx: 998.373521
Camera.cy: 596.435345

Camera.k1: 0.241649 
Camera.k2: -0.469322 
Camera.p1: 0.005117
Camera.p2: -0.001863

Camera.height: 1080
Camera.width: 1920
# Camera frames per second 
Camera.fps: 30

# stereo baseline times fx
Camera.bf: 334

# Color order of the images (0: BGR, 1: RGB. It is ignored if images are grayscale)
Camera.RGB: 1

# Close/Far threshold. Baseline times.
ThDepth: 10

#--------------------------------------------------------------------------------------------
# Stereo Rectification. Only if you need to pre-rectify the images.
# Camera.fx, .fy, etc must be the same as in LEFT.P
#--------------------------------------------------------------------------------------------
LEFT.height: 1080
LEFT.width:  1920
LEFT.D: !!opencv-matrix
   rows: 1
   cols: 5
   dt: d
   data:  [0.24164917210509418, -0.46932162015919604, 0.005116922465476943, -0.0018633407477406238, 0.0]
LEFT.K: !!opencv-matrix
   rows: 3
   cols: 3
   dt: d
   data: [2183.35922578114, 0.0, 998.3735208044252, 0.0, 2195.8975249340588, 596.4353451414804, 0.0, 0.0, 1.0]
LEFT.R:  !!opencv-matrix
   rows: 3
   cols: 3
   dt: d
   data: [0.9997621877172141, -0.002589479412250241, 0.02165323549180157, 0.0028200002499490537, 0.9999396056247509, -0.010622273843569768, -0.021624421598742734, 0.010680809865877727, 0.9997091100370792]
LEFT.P:  !!opencv-matrix
   rows: 3
   cols: 4
   dt: d
   data:  [2451.0034174001325, 0.0, 938.6905517578125, 0.0, 0.0, 2451.0034174001325, 618.1998710632324, 0.0, 0.0, 0.0, 1.0, 0.0]

RIGHT.height: 1080
RIGHT.width:  1920
RIGHT.D: !!opencv-matrix
   rows: 1
   cols: 5
   dt: d
   data: [0.21760595536925784, -0.25139753176991025, 0.0046416213551221525, -0.016900249704218592, 0.0]
RIGHT.K: !!opencv-matrix
   rows: 3
   cols: 3
   dt: d
   data: [2222.7057069813845, 0.0, 964.0088383690887, 0.0, 2241.1238438977434, 641.3878614422473, 0.0, 0.0, 1.0]
RIGHT.R:  !!opencv-matrix
   rows: 3
   cols: 3
   dt: d
   data:  [0.9998042592370632, -0.01975244232811203, 0.0011332402666183305, 0.019739249478699785, 0.9997482901439042, 0.010663882236668322, -0.0013435927377474823, -0.010639425567881375, 0.999942497037775]
RIGHT.P:  !!opencv-matrix
   rows: 3
   cols: 4
   dt: d
   data: [2451.0034174001325, 0.0, 938.6905517578125, 376.0480686305896, 0.0, 2451.0034174001325, 618.1998710632324, 0.0, 0.0, 0.0, 1.0, 0.0]

#--------------------------------------------------------------------------------------------
# ORB Parameters
#--------------------------------------------------------------------------------------------

# ORB Extractor: Number of features per image
ORBextractor.nFeatures: 1200

# ORB Extractor: Scale factor between levels in the scale pyramid    
ORBextractor.scaleFactor: 1.2

# ORB Extractor: Number of levels in the scale pyramid   
ORBextractor.nLevels: 8

# ORB Extractor: Fast threshold
# Image is divided in a grid. At each cell FAST are extracted imposing a minimum response.
# Firstly we impose iniThFAST. If no corners are detected we impose a lower value minThFAST
# You can lower these values if your images have low contrast        
ORBextractor.iniThFAST: 20
ORBextractor.minThFAST: 7

#--------------------------------------------------------------------------------------------
# Viewer Parameters
#--------------------------------------------------------------------------------------------
Viewer.KeyFrameSize: 0.05
Viewer.KeyFrameLineWidth: 1
Viewer.GraphLineWidth: 0.9
Viewer.PointSize:2
Viewer.CameraSize: 0.08
Viewer.CameraLineWidth: 3
Viewer.ViewpointX: 0
Viewer.ViewpointY: -0.7
Viewer.ViewpointZ: -1.8
Viewer.ViewpointF: 500

