
Left:
('D = ', [0.21428224113823294, -0.40143345632646904, 0.0035886177084439577, -0.007173153575542585, 0.0])
('K = ', [1395.7130108742872, 0.0, 660.6337276682658, 0.0, 1400.9852932466306, 368.5249455325903, 0.0, 0.0, 1.0])
('R = ', [0.9999985053612798, -0.0008923621754255797, 0.0014808662850967196, 0.0009103860793314342, 0.9999249737978838, -0.012215480853720857, -0.0014698545482550508, 0.012216810756041504, 0.9999242916654031])
('P = ', [1529.0209866961723, 0.0, 651.6828689575195, 0.0, 0.0, 1529.0209866961723, 386.40637588500977, 0.0, 0.0, 0.0, 1.0, 0.0])

Right:
('D = ', [0.13734017570601398, -0.0034555151667938675, 0.010753755081407674, -0.008332381688526952, 0.0])
('K = ', [1407.6939261680216, 0.0, 675.9997954114226, 0.0, 1416.7700951537604, 399.2878572886809, 0.0, 0.0, 1.0])
('R = ', [0.9998335355070052, -0.016431690131427746, 0.00793100466440902, 0.016333573519787148, 0.9997911685600855, 0.012281434986677386, -0.008131153155355383, -0.012149848916057169, 0.9998931270489267])
('P = ', [1529.0209866961723, 0.0, 651.6828689575195, 233.36990781822374, 0.0, 1529.0209866961723, 386.40637588500977, 0.0, 0.0, 0.0, 1.0, 0.0])
('self.T ', [0.15260160720161728, -0.002507919802692665, 0.0012104855613772844])
('self.R ', [0.9998588625874952, 0.015340797685670185, -0.006849440240457287, -0.015503611099209136, 0.9995823886396287, -0.024386192084429093, 0.006472476197309537, 0.024488941338112784, 0.999679147928981])
None
# oST version 5.0 parameters


[image]

width
1280

height
720

[narrow_stereo/left]

camera matrix
1395.713011 0.000000 660.633728
0.000000 1400.985293 368.524946
0.000000 0.000000 1.000000

distortion
0.214282 -0.401433 0.003589 -0.007173 0.000000

rectification
0.999999 -0.000892 0.001481
0.000910 0.999925 -0.012215
-0.001470 0.012217 0.999924

projection
1529.020987 0.000000 651.682869 0.000000
0.000000 1529.020987 386.406376 0.000000
0.000000 0.000000 1.000000 0.000000

# oST version 5.0 parameters


[image]

width
1280

height
720

[narrow_stereo/right]

camera matrix
1407.693926 0.000000 675.999795
0.000000 1416.770095 399.287857
0.000000 0.000000 1.000000

distortion
0.137340 -0.003456 0.010754 -0.008332 0.000000

rectification
0.999834 -0.016432 0.007931
0.016334 0.999791 0.012281
-0.008131 -0.012150 0.999893

projection
1529.020987 0.000000 651.682869 233.369908
0.000000 1529.020987 386.406376 0.000000
0.000000 0.000000 1.000000 0.000000

