%YAML:1.0

#--------------------------------------------------------------------------------------------
# Camera Parameters. Adjust them!
#--------------------------------------------------------------------------------------------

# Camera calibration and distortion parameters (OpenCV) 
Camera.fx: 724.825777
Camera.fy: 723.911200
Camera.cx: 685.343114
Camera.cy: 366.582995

Camera.k1: -0.172755
Camera.k2: 0.025905
Camera.p1: -0.000289
Camera.p2: -0.000047

Camera.width: 1280
Camera.height: 720

# Camera frames per second 
Camera.fps: 30.0

# stereo baseline times fx
Camera.bf: 119.919

# Color order of the images (0: BGR, 1: RGB. It is ignored if images are grayscale)
Camera.RGB: 1

# Close/Far threshold. Baseline times.
ThDepth: 35

#--------------------------------------------------------------------------------------------
# Stereo Rectification. Only if you need to pre-rectify the images.
# Camera.fx, .fy, etc must be the same as in LEFT.P
#--------------------------------------------------------------------------------------------
LEFT.height: 720
LEFT.width: 1280
LEFT.D: !!opencv-matrix
   rows: 1
   cols: 5
   dt: d
   data:[-0.172755, 0.025905, -0.000289, -0.000047, 0.000000]
LEFT.K: !!opencv-matrix
   rows: 3
   cols: 3
   dt: d
   data: [724.825777, 0.000000, 685.343114,0.000000, 723.911200, 366.582995,0.000000, 0.000000, 1.000000]
LEFT.R:  !!opencv-matrix
   rows: 3
   cols: 3
   dt: d
   data: [0.999988, -0.002522, 0.004146,0.002508, 0.999991, 0.003427,-0.004155, -0.003417, 0.999986]
LEFT.P:  !!opencv-matrix
   rows: 3
   cols: 4
   dt: d
   data: [703.918494, 0.000000, 696.248306, 0.000000,0.000000, 703.918494, 370.935768, 0.000000,0.000000, 0.000000,1.000000, 0.000000]

RIGHT.height: 720
RIGHT.width: 1280
RIGHT.D: !!opencv-matrix
   rows: 1
   cols: 5
   dt: d
   data:[-0.165986, 0.023811, 0.000663, 0.001913, 0.000000]
RIGHT.K: !!opencv-matrix
   rows: 3
   cols: 3
   dt: d
   data: [726.012866, 0.000000, 649.613428,0.000000, 725.442641, 371.021008,0.000000, 0.000000, 1.000000]
RIGHT.R:  !!opencv-matrix
   rows: 3
   cols: 3
   dt: d
   data: [0.999780, -0.002824, -0.020770,0.002753, 0.999990, -0.003451,0.020780, 0.003393, 0.999778]
RIGHT.P:  !!opencv-matrix
   rows: 3
   cols: 4
   dt: d
   data: [703.918494, 0.000000, 696.248306, -83.498804,0.000000, 703.918494, 370.935768, 0.000000,0.000000, 0.000000, 1.000000, 0.000000]

#--------------------------------------------------------------------------------------------
# ORB Parameters
#--------------------------------------------------------------------------------------------

# ORB Extractor: Number of features per image
ORBextractor.nFeatures: 1000

# ORB Extractor: Scale factor between levels in the scale pyramid 	
ORBextractor.scaleFactor: 1.2

# ORB Extractor: Number of levels in the scale pyramid	
ORBextractor.nLevels: 8

# ORB Extractor: Fast threshold
# Image is divided in a grid. At each cell FAST are extracted imposing a minimum response.
# Firstly we impose iniThFAST. If no corners are detected we impose a lower value minThFAST
# You can lower these values if your images have low contrast			
ORBextractor.iniThFAST: 20
ORBextractor.minThFAST: 7

#--------------------------------------------------------------------------------------------
# Viewer Parameters
#--------------------------------------------------------------------------------------------
Viewer.KeyFrameSize: 0.05
Viewer.KeyFrameLineWidth: 1
Viewer.GraphLineWidth: 0.9
Viewer.PointSize:2
Viewer.CameraSize: 0.08
Viewer.CameraLineWidth: 3
Viewer.ViewpointX: 0
Viewer.ViewpointY: -0.7
Viewer.ViewpointZ: -1.8
Viewer.ViewpointF: 500

